;Paper-Amp skin
;Doesn't look good without this

[Normal]
NumPoints=23
PointList=1,0, 1,44, 2,70 2,114, 17,112, 206,114, 207,115, 268,115, 268,112, 272,114, 272,111, 273,80, 274,79, 274,73, 273,0, 126,0, 125,1, 103,1, 101,0, 17,0, 16,1, 8,1, 7,0

[Equalizer]
NumPoints=69
PointList=2,1, 1,8, 1,50, 0,49, 0,61, 1,62, 1,77, 2,80, 2,84, 1,84, 1,85, 2,86, 2,108, 1,108, 1,112, 3,112, 6,114, 17,114, 18,115, 28,115, 28,114, 49,114, 50,115, 61,115, 62,114, 70,114, 71,115, 91,115, 92,114, 96,114, 97,115, 169,115, 169,114, 186,114, 187,115, 227,115, 228,114, 232,114, 231,113, 242,113, 243,114, 255,114, 256,115, 272,115, 272,112, 274,108, 271,92, 271,82, 270,81, 270,75, 271,55, 273,51, 273,22, 272,21, 272,5, 270,1, 257,1, 253,0, 214,0, 212,2, 154,1, 153,0, 98,0, 97,1, 25,1, 24,0, 14,0, 13,1, 2,1
